0.000000 1
0.000001 2
0.000002 3
0.000003 4
0.000004 5
0.000005 6
0.000006 7
0.000006 8
0.000007 9
0.000008 10
0.000009 11
0.000010 12
0.000011 13
0.000012 14
0.000013 15
0.000014 16
0.000015 17
0.000016 18
0.000017 19
0.000017 20
0.000018 21
0.000019 22
0.000020 23
0.000021 24
0.000022 25
0.000023 26
0.000024 27
0.000025 28
0.000026 29
0.000027 30
0.000028 31
0.000029 32
0.000029 33
0.000030 34
0.000031 35
0.000032 36
0.000033 37
0.000034 38
0.000035 39
0.000036 40
0.000037 41
0.000038 42
0.000039 43
0.000040 44
0.000040 45
0.000041 46
0.000042 47
0.000043 48
0.000044 49
0.000045 50
0.000046 51
0.000047 52
0.000048 53
0.000049 54
0.000050 55
0.000051 56
0.000052 57
0.000052 58
0.000053 59
0.000054 60
0.000055 61
0.000056 62
0.000057 63
0.000058 64
0.000059 65
0.000060 66
0.000061 67
0.000062 68
0.000063 69
0.000063 70
0.000064 71
0.000065 72
0.000066 73
0.000067 74
0.000068 75
0.000069 76
0.000070 77
0.000071 78
0.000072 79
0.000073 80
0.000074 81
0.000075 82
0.000075 83
0.000076 84
0.000077 85
0.000078 86
0.000079 87
0.000080 88
0.000081 89
0.000082 90
0.000083 91
0.000084 92
0.000085 93
0.000086 94
0.000086 95
0.000087 96
0.000088 97
0.000089 98
0.000090 99
0.000091 100
