0.000000 1
0.000001 2
0.000001 3
0.000002 4
0.000002 5
0.000003 6
0.000003 7
0.000004 8
0.000005 9
0.000005 10
0.000006 11
0.000006 12
0.000007 13
0.000007 14
0.000008 15
0.000009 16
0.000009 17
0.000010 18
0.000010 19
0.000011 20
0.000011 21
0.000012 22
0.000013 23
0.000013 24
0.000014 25
0.000014 26
0.000015 27
0.000015 28
0.000016 29
0.000017 30
0.000017 31
0.000018 32
0.000018 33
0.000019 34
0.000019 35
0.000020 36
0.000021 37
0.000021 38
0.000022 39
0.000022 40
0.000023 41
0.000023 42
0.000024 43
0.000025 44
0.000025 45
0.000026 46
0.000026 47
0.000027 48
0.000027 49
0.000028 50
0.000028 51
0.000029 52
0.000030 53
0.000030 54
0.000031 55
0.000031 56
0.000032 57
0.000032 58
0.000033 59
0.000034 60
0.000034 61
0.000035 62
0.000035 63
0.000036 64
0.000036 65
0.000037 66
0.000038 67
0.000038 68
0.000039 69
0.000039 70
0.000040 71
0.000040 72
0.000041 73
0.000042 74
0.000042 75
0.000043 76
0.000043 77
0.000044 78
0.000044 79
0.000045 80
0.000046 81
0.000046 82
0.000047 83
0.000047 84
0.000048 85
0.000048 86
0.000049 87
0.000050 88
0.000050 89
0.000051 90
0.000051 91
0.000052 92
0.000052 93
0.000053 94
0.000054 95
0.000054 96
0.000055 97
0.000055 98
0.000056 99
0.000056 100
